1024
54044
14108
79294
29649
25260
60660
2995
53777
49689
9083
16122
90436
4615
40660
25675
58943
92904
9900
95588
46120
29390
91323
85363
45738
80717
57415
7637
8540
6336
45434
65895
61811
8959
9139
31027
87662
2484
65550
23260
15616
3490
49568
5979
44737
52808
72122
37957
34826
21419
73531
94323
52910
84496
71799
50162
1692
1565
59279
56864
20141
13893
63942
6055
33424
44771
25678
33639
27793
41268
1857
63388
32976
46195
61291
61740
61680
45264
76361
49243
73250
67432
29124
15198
30626
18950
13857
32569
45179
47696
21283
77169
26357
97885
54741
57246
61929
25997
45859
3353
32204
97451
60550
49516
38558
57674
36443
666
32486
54910
24666
45119
40779
3441
83779
60645
63003
59616
7364
69058
41651
12201
13234
19717
11536
70350
15611
74484
96153
4127
60035
19418
58613
28590
32917
97780
17644
15836
88046
26489
38410
54618
16967
81604
60064
5833
80689
43137
57274
8002
4445
42933
75378
15130
10689
98579
42780
38379
76394
66337
15126
59535
53639
43182
88220
5506
21939
26719
32919
78383
62297
30677
15301
35277
2240
37292
11269
92554
12813
63131
25964
15618
11318
72799
43976
4698
32984
5
56322
30793
46586
36082
25956
61243
44613
59907
13187
43815
52408
63547
86233
7901
50572
29212
10912
54449
373
69509
3580
31479
66601
35427
49309
50428
76859
19840
95749
76993
45747
67663
85229
26778
72164
73627
31869
22208
17759
29409
20625
27533
3911
28506
13185
72229
2975
96029
66725
67778
77399
90300
16005
39433
33342
98536
66330
41629
79932
64508
80437
58093
7690
34357
87977
78134
6271
72856
43004
81631
4654
94363
37138
62061
18913
42432
11926
9778
23507
52921
12302
61620
89415
52561
8564
80333
62937
17680
49024
37850
54127
92136
65865
19416
86651
81030
12473
37840
36215
88329
23844
38832
1807
1726
84720
10551
12770
33510
23806
6831
41122
36046
2410
11380
8861
18964
37605
2021
59504
57029
64121
85107
64293
64821
72694
32390
55767
3884
74771
393
21050
70556
39830
42172
5615
47643
48677
5093
38547
4808
74607
71200
88387
94071
45031
83426
83246
96061
91471
37207
57815
30779
45176
70833
29490
27760
74104
21444
73173
10086
56241
48369
73755
93275
66791
2437
18827
61990
3213
43007
46942
47386
98002
80099
90898
28860
53348
3790
54478
50789
53673
81845
76946
31398
15539
43923
68172
43943
11674
5147
49577
7639
2902
56983
51372
87907
65260
46019
69134
65982
35068
81730
76650
67535
65607
86101
4387
9658
56971
38760
90175
26434
22509
10166
19048
3135
28671
63621
90284
56798
82077
15749
77755
45814
51006
26305
31977
48619
18712
90691
8001
32067
70357
38111
41552
74876
81391
40492
24784
22370
39440
57089
73160
45027
53617
35969
46450
40871
71843
12703
17953
52853
69725
67213
62722
73693
91338
14128
12506
75060
56344
31645
23821
2907
2229
7702
54151
49626
34757
19073
1923
11433
4156
34993
47527
28810
55157
69505
65503
64854
23249
79143
9697
35584
42411
13695
7789
66572
60321
54166
71208
76781
69793
42022
52118
62723
2774
17563
10157
73884
64476
44243
84801
83448
68584
56296
77751
95159
23154
24632
8184
39214
52344
46545
33325
85650
14755
92211
34714
41604
90705
97995
76462
85611
76657
58480
7258
91761
17400
74630
8191
83012
85542
71016
35146
50365
37585
62220
2323
23949
50093
8154
66092
75562
15603
49424
19639
37679
18186
78875
40160
63991
10977
53885
83218
34001
3723
63889
40515
36743
42770
32026
24502
52208
17897
78882
26409
74817
50557
4129
97514
67021
28240
45301
98467
53298
94746
59508
4533
28812
79175
57458
71279
14985
61081
72641
50192
24833
10559
3359
31540
74717
6619
34886
22723
62826
4364
44080
4087
31292
76363
98421
92175
71837
88423
84188
63345
30108
18021
38992
73015
6978
19730
77314
20601
73041
40457
43550
33086
86253
71896
24236
1291
9491
16822
91587
98602
26555
30077
10302
24493
2985
39469
90347
30520
42477
56481
5914
38961
10218
16024
93342
92630
7566
74142
54657
81366
88386
85815
4565
5439
1104
2673
65606
83445
70854
9537
73222
2544
31425
63015
81452
90318
75062
83615
19052
92492
48714
85098
15267
31282
91826
92471
43067
73944
47591
71457
79798
90235
60824
53372
53812
27261
49099
19917
76978
99670
58487
33747
16944
30719
18716
76276
93076
70826
63639
85111
98441
21908
35279
33927
33433
77583
95025
31616
25321
37617
93145
11286
15024
6719
64723
4077
78584
30370
98798
67730
21048
1287
87867
44930
4798
37691
61593
86819
50990
9059
57590
71412
14209
43285
79232
43891
290
36110
69671
88539
59260
88464
54759
40328
37037
85253
94603
18976
89833
74448
90717
20688
18961
46537
53603
42627
39150
8087
37842
80079
33426
48812
47406
10748
44375
61932
80967
63310
7592
70797
1452
3192
30692
27239
31166
77857
51830
22097
68817
55733
33720
78069
51195
32571
12279
28924
66443
51929
95208
55440
17321
82411
38022
61143
50625
2213
8447
95005
15634
39956
99281
88705
97294
67363
47231
17704
69554
19093
38744
709
50363
21233
75916
53339
97687
88562
35763
85496
96919
60369
9870
11363
9941
6401
38441
91650
9102
62077
19340
10745
42333
66689
39672
6473
15741
61335
31890
16099
15865
6445
81665
85352
8749
65186
11147
62916
33332
84931
39050
34043
79368
16678
85675
17812
29439
26532
82653
65587
57526
21148
29904
27408
7756
23943
33633
49278
28774
72872
9540
53171
64267
52998
4098
29864
36202
47534
50455
82772
12347
34049
78222
90264
10215
84769
42361
13264
13181
66773
26246
74122
84239
9743
33012
32183
2602
70562
20340
62909
73842
5968
44347
60842
3905
54985
57584
10738
39266
70711
60420
41807
10619
27691
28387
47429
65781
49825
1752
27004
79338
6714
19519
22796
4086
66695
82806
81923
70029
78043
17813
74517
1511
25527
20419
26266
90542
27647
56104
17055
62523
64731
65832
49687
46803
69704
50396
2311
87194
92658
70094
91902
29154
2953
14475
21086
26777
6337
6024
43316
75225
96054
41957
8842
39904
43313
33834
37062
51515
23681
73489
81967
93066
76128
48996
55462
10655
3320
32287
13924
32838
4013
85822
33106
15586
62938
67492
18225
7109
72726
93494
97566
24625
6993
46189
13906
70171
92259
21202
68892
96783
62823
62087
70942
92548
64324
42702
47758
39682
68866
50780
90020
12259
15487
28282
73821
13175
93864
50481
51637
81154
37777
65069
68598
7427
45598
13068
68704
91857
13463
33527
22821
28919
11172
47765
2675
96342
81797
52264
64093
12638
42302
27256
38610
41429
80256
56279
89868
68286
49300
75201
50069
14142
48609
41530
85935
3463
78932
53723
95802
58049
54370
51343
11580
78113
43716
57521
74252
10988
20096
49317
24110
53264
30595
5350
41748
8839
60954
60312
55703
13582
64830
78822
4431
19331
17634
46691
81249
5674
21864
73168
94978
96294
57938
15214
29445
36187
61873
52447
57870
53694
37937
87004
54254
79697
83671
8928
95619
10234
46423
48814
80948
12974
8742
43098
9738
46393
33453
31971
10626
37909
30082
5905
44018
78627
32979
54626
62786
78260
94659
79070
81792
31189
13525
85163
75274
5287
2926
57007
37559
57168
59910
88311
56151
56503
92022
35343
4655
36833
91349
24238
15180
77892
70901
9444
35495
69549
29614
10562
43417
71201
61388
64503
35596
5109
94740
49968
44563
84808
4642
22337
45061
45230
21989
70451
67592
30155
76411
95369
98064
99772
3931
31013
13483
48220
93515
9984
79768
92081
11659
79176
60573
46592
84062
44998
2886
44919
54710
2395
51452
39450
12262
50796
42997
7475
97021
32943
31634
30881
70622
92542
59539
3118
32092
23022
85774
6381
32456
89923
90032
17838
53144
93918
28087
14581
36381
76663
23658
94534
35781
4243
36906
86783
92863
61985
11432
34241
69989
20429
76181
37423
62222
89698
85738
23963
93578
24483
94658
41960
2103
39603
6952
5963
27512
85257
736
30254
68155
36098
54442
38701
75651
56919
75896
762
92244
32218
21258
25129
54746
35863
42084
61362
11322
32686
67372
13399
12722
48964
57851
230
34501
48725
26579
1314
2831
22009
6020
40756
43303
89188
17696
30407
16739
57598
25026
30981
93207
37225
73033
62846
73921
14987
82847
58404
57944
87314
25259
9726
65426
44116
46228
18434
10509
43671
51180
35482
42817
92212
51383
59578
44846
58469
49102
52230
74402
61900
68865
82517
84042
66110
96412
63638
8141
85138
6603
54431
79242
60443
31401
69027
94351
11302
10057
37623
27040
18572
76933
78892
16195
82770
35523
37983
6371
96172
82809
41709
8324
19567
19590
10388
40840
29543
92981
2623
12726
453
36943
96872
65517
35044
64282
9942
83868
84361
38288
88008
60539
72477
55273
5450
52190
26744
93740
82562
15858
96361
13466
1507
82202
45239
61831
55115
84687
37350
25007
95303
52067
14641
77210
96957
1612
68830
66852
93781
56679
20562
92335
50423
39386
15483
71452
52292
25160
20986
25807
71305
94091
48473
21799
80529
47795
59121
23870
74920
34374
42802
69798
26674
39626
51963
89978
22191
6999
48143
95930
7945
38002
55762
72761
65960
36055
11148
30631
93726
89599
1985
37127
3489
38715
97151
47011
92062
82123
25650
5353
88691
1028
66969
10978
84335
584
17507
73140
15193
66880
73749
97807
25993
14860
70787
21374
62399
21697
24452
41535
42887
17880
16145
63811
92314
38763
94551
16969
59443
16742
83014
1687
8600
68129
62694
59796
58591
21364
2406
93652
35676
38826
45344
68770
57771
76286
5578
65634
84105
97347
49422
46793
47711
95724
66166
9007
21399
78809
72247
95026
81096
30282
97627
17268
71437
85398
682
75516
92249
7100
29962
65305
33356
39910
66746
81798
13762
74656
2070
10786
31071
3253
39540
22612
2203
95942
52199
10844
81506
29337
32299
62741
31230
20393
63792
26135
67659
73206
12464
68356
14695
96136
69499
69808
27484
33352
99862
80199
35761
17394
21669
77614
97967
46781
3242
70602
20691
58416
6178
26952
39522
340
81642
81329
50277
14459
23187
26894
7781
88092
63452
94109
34462
61849
20093
40707
35860
74103
75643
39900
63231
51948
57535
98980
82988
6214
44109
44424
52070
53346
61481
11379
84052
89995
3764
55765
44153
84963
36209
46453
18119
48241
20501
1679
11721
65981
11252
12869
27507
57066
94020
52518
43693
34171
26954
74840
82137
60465
64280
33052
74384
84051
8918
58663
2728
7469
95591
48803
70593
94529
85370
75586
6245
38911
84970
2670
12864
54752
22892
26711
83401
93860
53774
55142
69811
28306
27487
30242
46060
63475
10632
40361
1883
96861
8669
3632
54672
7938
18580
71880
30526
73257
13896
98624
82768
43433
65635
19088
14293
14318
13406
61283
3203
25975
86592
1613
23481
10081
85275
48356
83137
86773
31326
83944
48060
84312
45327
22288
49753
2729
61631
10849
1887
13321
29167
71887
44572
20885
37487
69215
9027
70177
38407
6398
86018
28159
54394
19645
60760
38015
46140
2091
30364
64277
15982
40683
89911
51299
73586
59039
52631
84517
76777
54368
64547
64973
36173
51431
53197
90067
49546
86667
82963
44189
59520
89376
11016
2003
55660
35496
15881
19779
28755
54533
68322
38036
22029
46893
72217
5274
51151
90361
5596
90729
45713
57049
93593
42246
37241
15960
59371
24839
42268
42064
11059
50931
60516
95213
89795
3877
30203
50106
427
77757
76318
9683
2151
5281
11600
69736
10337
1819
38434
73232
8955
44158
31126
40786
6948
10756
15625
77995
8592
1430
60674
49110
68539
88801
66792
19261
74698
73794
17218
62934
54207
53045
30133
15405
72459
84706
7135
93412
10169
53730
76812
81673
94756
35954
10307
42475
78206
73607
75454
34900
8244
75578
6096
86554
69109
1228
12530
10123
74385
21689
40953
4953
92849
31156
26637
91490
16705
26234
10199
3656
44841
47404
65902
33288
18938
53152
98603
81948
49948
76036
4121
71651
46248
5746
5529
70317
11819
29316
69971
108
12079
80499
31838
85439
41975
76748
77100
4438
13646
12381
55884
70339
84416
29746
56844
43636
13573
45268
41558
49539
50329
11622
47300
64702
37607
4645
65833
80481
30561
92420
750
32637
15353
2057
23362
81826
19869
4951
600
32441
55008
2463
37912
25746
90419
41014
19145
12692
82835
56385
30300
59183
27611
16421
36305
49308
50827
18704
61722
34746
22858
24700
91371
20999
64039
23942
13138
72343
10384
91661
41259
39833
73620
87055
17497
52735
74856
35402
74750
38494
13579
84919
31251
44965
78980
18817
85992
537
98635
94094
742
23612
18500
21546
77842
65174
53722
73262
52397
77455
9299
27149
86619
8027
19815
74475
55868
5476
55857
80398
8282
31711
42694
59701
8845
3381
9163
67530
47750
30908
91813
26945
54870
74879
48169
10043
3396
31331
9804
11386
28209
34335
39057
65171
18414
61080
13010
30552
